TRAINING:
	 Accuracy = 0.9414634146341463
	 IOU = 0.5250729100505391
TESTING:
	 Accuracy = 0.9305555555555556
	 IOU = 0.5119649899545916
