TRAINING:
	 Accuracy = 0.9463414634146341
	 IOU = 0.5180553791206784
TESTING:
	 Accuracy = 0.9027777777777778
	 IOU = 0.5008085297768168
