TRAINING:
	 Accuracy = 0.05365853658536585
	 IOU = 0.2590754555038094
TESTING:
	 Accuracy = 0.06944444444444445
	 IOU = 0.2782532186461928
